[gd_scene load_steps=5 format=3 uid="uid://cogpeuuanbvw4"]

[ext_resource type="Script" path="res://character/character.gd" id="1_fls2m"]

[sub_resource type="CapsuleMesh" id="CapsuleMesh_8wmhf"]

[sub_resource type="ConvexPolygonShape3D" id="ConvexPolygonShape3D_deomx"]
points = PackedVector3Array(-0.125207, -0.532801, -0.480507, 0.0227831, 0.47607, 0.498884, 0.169713, 0.559144, 0.464172, 0.231051, -0.803591, 0.320455, 0.40741, 0.651043, -0.243523, -0.482789, 0.594843, 0.0822132, -0.362868, -0.682312, 0.289697, 0.469044, -0.654529, -0.0662713, -0.127444, 0.842701, -0.338103, -0.393435, -0.683942, -0.244717, 0.438255, 0.623309, 0.200849, 0.0841477, 0.977454, 0.114795, -0.0682023, -0.976458, -0.12927, 0.20055, -0.563129, -0.451454, -0.185527, 0.595453, -0.453475, -0.273363, 0.592268, 0.407754, -0.00693649, -0.476823, 0.49966, 0.375821, -0.588614, 0.316955, 0.111579, 0.563059, -0.481177, -0.41725, 0.527866, -0.270497, -0.484546, -0.596972, -0.0665097, -0.279747, 0.908561, 0.0533361, -0.250197, -0.880712, 0.205319, 0.263647, -0.902771, -0.127394, 0.293368, 0.871526, -0.157196, 0.373412, -0.526319, -0.328246, 0.499663, 0.476641, -0.00688856, 0.0531056, 0.875001, 0.324703, -0.154543, -0.590854, 0.465879, -0.0972799, -0.782358, -0.398188, -0.387649, -0.498171, 0.31565, -0.30068, -0.587995, -0.388901)

[sub_resource type="BoxShape3D" id="BoxShape3D_cu1tc"]
size = Vector3(0.1, 20, 0.001)

[node name="Player" type="RigidBody3D" groups=["Player"]]
collision_layer = 4
collision_mask = 3
gravity_scale = 2.66454e-15
lock_rotation = true
linear_velocity = Vector3(2.08165e-12, 1, 2.08165e-12)
script = ExtResource("1_fls2m")
jump_impulse = 10
fall_acceleration = 2.08165e-12

[node name="MeshInstance3D" type="MeshInstance3D" parent="."]
transform = Transform3D(0.5, 0, 0, 0, 0.5, 0, 0, 0, 0.5, 0, 0, 0)
mesh = SubResource("CapsuleMesh_8wmhf")
skeleton = NodePath("")

[node name="CollisionShape3D" type="CollisionShape3D" parent="."]
transform = Transform3D(0.5, 0, 0, 0, 0.5, 0, 0, 0, 0.5, 0, 0, 0)
shape = SubResource("ConvexPolygonShape3D_deomx")

[node name="TwistPivot" type="Node3D" parent="."]
transform = Transform3D(1, 0, 0, 0, 1, 0, 0, 0, 1, 2.08165e-12, 1, 2.08165e-12)

[node name="PitchPivot" type="Node3D" parent="TwistPivot"]
transform = Transform3D(1, -4.09353e-16, 3.43488e-16, 3.43488e-16, 0.984808, 0.173648, -4.09353e-16, -0.173648, 0.984808, 0, 0, 0)

[node name="Camera3D" type="Camera3D" parent="TwistPivot/PitchPivot"]
transform = Transform3D(1, -3.18388e-16, 3.4746e-16, 3.4746e-16, 0.996195, -0.0871558, -3.18388e-16, 0.0871558, 0.996195, 2.08165e-12, 1, 5)
current = true

[node name="RayCast3D" type="RayCast3D" parent="TwistPivot/PitchPivot"]
transform = Transform3D(1, -3.48787e-16, 3.48787e-16, 3.48787e-16, 1, 2.71644e-08, -3.48787e-16, -5.25882e-08, 1, 2.08165e-12, -0.867, -1.5)
debug_shape_thickness = 4

[node name="Detector" type="Area3D" parent="TwistPivot/PitchPivot"]
transform = Transform3D(7.5904e-09, 4.30473e-08, 1, 0.984808, -0.173648, -1.79153e-16, 0.173648, 0.984808, -4.37114e-08, 2.0848e-12, 1.35349, -7.56241)
visible = false
collision_layer = 4
collision_mask = 7

[node name="CollisionShape3D" type="CollisionShape3D" parent="TwistPivot/PitchPivot/Detector"]
transform = Transform3D(1, 1.37518e-15, 1.46565e-16, 3.96564e-16, 1, -3.94859e-16, -4.21714e-16, 3.94864e-16, 1, -0.798804, -3.13978, 1.41222e-07)
shape = SubResource("BoxShape3D_cu1tc")

[node name="GroundCast" type="RayCast3D" parent="."]
target_position = Vector3(2.08165e-12, -1.1, 2.08165e-12)
collision_mask = 3
collide_with_areas = true
debug_shape_thickness = 5
